[1, 2, 8, 11, 15, 17, 22, 25, 28, 29]
[1, 9, 10, 16, 17, 22, 25, 28, 29]
[1, 9, 10, 16, 17, 15, 19, 23, 27, 30, 29]
[1, 2, 8, 11, 16, 17, 22, 25, 28, 29]
[1, 9, 10, 16, 17, 22, 23, 27, 30, 29]
[1, 9, 10, 8, 7, 12, 13, 20, 24, 27, 30, 29]
[1, 2, 8, 11, 12, 14, 19, 24, 27, 30, 29]
[1, 2, 8, 10, 16, 17, 22, 25, 28, 29]
[1, 9, 10, 16, 17, 22, 25, 28, 29]
[1, 9, 10, 16, 17, 18, 23, 26, 30, 29]
[1, 9, 10, 16, 17, 22, 25, 28, 29] 
[1, 2, 8, 11, 15, 19, 23, 26, 30, 29]
[1, 9, 10, 9, 10, 9, 10, 9, 10, 9, 10, 9, 10, 16, 17, 16, 17, 21, 22, 25, 28, 29]
[1, 9, 10, 16, 17, 18, 23, 26, 30, 29]
[1, 9, 10, 16, 17, 18, 23, 18, 23, 27, 30, 29]
[1, 2, 8, 10, 16, 15, 19, 15, 19, 23, 26, 30, 29]
[1, 9, 10, 16, 17, 22, 25, 22, 25, 22, 25, 28, 29]
[1, 9, 10, 16, 17, 16, 17, 18, 23, 26, 30, 29]
[1, 2, 8, 10, 16, 17, 22, 25, 28, 29]
[1, 9, 10, 16, 17, 15, 17, 16, 17, 16, 17, 22, 23, 26, 30, 29]
[1, 9, 10, 8, 11, 14, 19, 24, 27, 30, 29]
[1, 9, 10, 16, 10, 16, 17, 21, 25, 28, 29]
[1, 2, 8, 10, 16, 17, 22, 25, 28, 29]
[1, 9, 10, 16, 17, 22, 25, 28, 29]
[1, 9, 10, 16, 17, 22, 25, 26, 30, 29]
[1, 9, 10, 16, 17, 18, 23, 26, 30, 29]
[1, 9, 10, 16, 17, 18, 23, 24, 27, 30, 29]
[1, 2, 8, 11, 16, 17, 22, 23, 27, 30, 29]
[1, 9, 10, 16, 17, 21, 25, 28, 29]
[1, 9, 10, 8, 11, 15, 11, 15, 19, 23, 27, 30, 29]
[1, 2, 8, 11, 15, 19, 23, 26, 30, 29]
[1, 9, 10, 8, 10, 16, 15, 18, 23, 26, 23, 27, 26, 30, 29]
[1, 9, 10, 16, 17, 22, 23, 27, 30, 29]
[1, 2, 8, 10, 8, 11, 8, 11, 16, 17, 18, 23, 27, 30, 29]
[1, 2, 8, 11, 16, 17, 22, 25, 28, 29]
[1, 2, 8, 7, 12, 14, 19, 23, 27, 30, 29]
[1, 2, 8, 11, 16, 17, 22, 23, 22, 23, 22, 23, 22, 23, 22, 23, 22, 23, 22, 23, 22, 23, 22, 23, 22, 23, 27, 30, 29]
[1, 2, 8, 11, 16, 17, 21, 25, 28, 29]
[1, 2, 8, 11, 15, 19, 23, 27, 30, 29]
[1, 9, 10, 16, 17, 22, 23, 27, 23, 26, 30, 29]
[1, 2, 8, 11, 15, 18, 23, 26, 30, 29]
[1, 2, 8, 11, 14, 19, 23, 24, 23, 19, 23, 26, 30, 29]
[1, 2, 8, 11, 14, 19, 23, 26, 30, 29]
[1, 9, 10, 16, 17, 22, 25, 26, 30, 29]
[1, 2, 8, 11, 14, 19, 24, 27, 30, 29]
[1, 2, 8, 11, 15, 17, 22, 18, 22, 25, 28, 29]
[1, 9, 10, 8, 11, 15, 17, 22, 23, 27, 30, 29]
[1, 9, 10, 16, 17, 22, 23, 27, 30, 29]
[1, 9, 10, 16, 17, 18, 19, 24, 27, 30, 29]
[1, 2, 8, 11, 15, 18, 22, 25, 26, 30, 29]
[1, 9, 10, 16, 17, 22, 25, 28, 29]
[1, 2, 8, 10, 8, 10, 16, 17, 16, 17, 22, 25, 28, 29]
[1, 2, 8, 11, 15, 18, 22, 25, 28, 29]
[1, 2, 8, 11, 15, 19, 23, 26, 30, 29]
[1, 9, 10, 16, 15, 16, 15, 18, 23, 22, 25, 28, 29]
[1, 2, 8, 11, 15, 18, 23, 26, 30, 29]
[1, 2, 8, 11, 14, 19, 24, 27, 30, 29]
[1, 2, 8, 11, 15, 11, 15, 19, 23, 19, 23, 19, 23, 19, 23, 26, 30, 29]
[1, 9, 10, 16, 10, 16, 10, 16, 17, 22, 17, 22, 25, 28, 25, 28, 29]
[1, 2, 8, 11, 16, 17, 18, 23, 27, 30, 29]
[1, 9, 10, 16, 15, 19, 23, 26, 30, 29]
[1, 9, 10, 16, 17, 22, 25, 22, 25, 26, 30, 29]
[1, 2, 8, 10, 16, 17, 21, 25, 28, 29]
[1, 9, 10, 16, 17, 21, 25, 26, 30, 29]
[1, 2, 8, 2, 8, 2, 8, 2, 8, 10, 16, 17, 22, 25, 28, 29]
[1, 9, 10, 8, 11, 15, 19, 23, 27, 30, 29]
[1, 9, 10, 8, 11, 14, 11, 8, 11, 14, 19, 23, 27, 30, 29]
[1, 9, 10, 16, 15, 19, 23, 26, 30, 29]
[1, 2, 8, 11, 14, 11, 15, 18, 23, 18, 23, 27, 30, 29]
[1, 9, 10, 16, 17, 22, 23, 26, 23, 26, 30, 29]
[1, 9, 10, 16, 17, 21, 25, 28, 25, 28, 29]
[1, 2, 8, 11, 16, 17, 21, 25, 28, 29]
[1, 2, 8, 11, 16, 17, 21, 25, 28, 29]
[1, 2, 8, 11, 16, 17, 22, 17, 22, 17, 22, 25, 28, 29]
[1, 9, 10, 16, 17, 22, 25, 28, 29]
[1, 9, 10, 16, 17, 22, 17, 22, 25, 28, 29]
[1, 9, 10, 16, 17, 21, 25, 28, 29]
[1, 2, 8, 11, 15, 18, 15, 18, 23, 27, 30, 29]
[1, 2, 8, 10, 16, 17, 18, 19, 23, 26, 30, 29]
[1, 2, 8, 10, 16, 17, 18, 23, 27, 30, 29]
[1, 9, 10, 16, 17, 18, 23, 24, 27, 30, 29]
[1, 2, 8, 11, 15, 18, 22, 25, 28, 29]
[1, 2, 8, 11, 15, 19, 23, 26, 30, 29]
[1, 2, 8, 10, 16, 17, 18, 23, 27, 23, 27, 30, 29]
[1, 2, 8, 11, 15, 19, 23, 27, 30, 29]
[1, 9, 10, 16, 11, 12, 13, 20, 24, 27, 30, 29]
[1, 2, 8, 11, 15, 19, 23, 26, 30, 29]
[1, 2, 8, 11, 15, 11, 15, 18, 23, 27, 30, 29]
[1, 2, 8, 11, 15, 19, 23, 27, 30, 29]
[1, 2, 8, 11, 15, 19, 23, 26, 30, 29]
[1, 9, 10, 16, 17, 16, 17, 21, 25, 28, 29]
[1, 2, 8, 10, 16, 17, 22, 25, 28, 29]
[1, 9, 10, 16, 17, 22, 25, 28, 29]
[1, 2, 8, 10, 16, 17, 22, 25, 28, 29]
[1, 2, 8, 11, 16, 17, 21, 25, 28, 29]
[1, 2, 8, 11, 15, 18, 23, 18, 23, 27, 30, 29]
[1, 9, 10, 9, 10, 8, 11, 15, 19, 23, 27, 30, 29]
[1, 2, 8, 11, 15, 18, 22, 25, 28, 29]
[1, 2, 8, 11, 15, 19, 23, 27, 23, 27, 30, 29]
[1, 2, 8, 11, 14, 19, 23, 22, 25, 28, 29]
[1, 2, 8, 7, 12, 14, 19, 23, 27, 30, 29]
[1, 2, 8, 11, 14, 19, 23, 26, 30, 29]
[1, 9, 10, 16, 15, 19, 24, 27, 30, 29]
[1, 2, 8, 11, 12, 13, 14, 19, 24, 27, 30, 29]
[1, 2, 8, 11, 16, 17, 21, 25, 28, 29]
[1, 9, 10, 16, 17, 22, 25, 28, 29]
[1, 9, 10, 16, 17, 18, 23, 26, 30, 29]
[1, 9, 10, 16, 17, 22, 17, 22, 17, 22, 25, 28, 29]
[1, 9, 10, 16, 15, 19, 23, 26, 30, 29]
[1, 2, 8, 11, 16, 17, 22, 25, 28, 29]
[1, 9, 10, 16, 17, 22, 25, 28, 29]
[1, 9, 10, 16, 17, 21, 25, 28, 29]
[1, 9, 10, 16, 17, 22, 25, 28, 29]
[1, 9, 10, 16, 17, 21, 25, 28, 29]
[1, 9, 10, 16, 17, 22, 25, 28, 29]
[1, 2, 8, 11, 16, 17, 21, 25, 28, 29]
[1, 9, 10, 16, 17, 22, 25, 28, 29]
[1, 2, 8, 11, 14, 19, 23, 26, 30, 29]
[1, 2, 8, 11, 14, 19, 23, 26, 30, 29]
[1, 9, 10, 16, 17, 22, 25, 28, 29]
[1, 9, 10, 16, 17, 21, 25, 28, 29]
[1, 2, 8, 11, 15, 19, 24, 27, 30, 29]
[1, 9, 10, 16, 17, 21, 25, 28, 29]
[1, 2, 8, 11, 15, 19, 23, 27, 30, 29]
[1, 9, 10, 16, 17, 22, 23, 26, 30, 29]
[1, 9, 10, 16, 15, 19, 24, 27, 30, 29]
[1, 2, 8, 10, 16, 17, 22, 23, 26, 30, 29]
[1, 2, 8, 11, 14, 19, 23, 26, 30, 29]
[1, 2, 8, 11, 15, 18, 23, 27, 30, 29]
[1, 9, 10, 16, 17, 21, 25, 28, 29]
[1, 9, 10, 16, 17, 18, 23, 26, 30, 29]
